new-2.db.mln : 2.49537
new-2_dup.mln : 2.49537
